acc_year,occrrnc_dt,dght_cd,occrrnc_day_cd,dth_dnv_cnt,injpsn_cnt,se_dnv_cnt,sl_dnv_cnt,wnd_dnv_cnt,occrrnc_lc_sido_cd,occrrnc_lc_sgg_cd,acc_ty_lclas_cd,acc_ty_mlsfc_cd,acc_ty_cd,aslt_vtr_cd,road_frm_lclas_cd,road_frm_cd,wrngdo_isrty_vhcty_lclas_cd,dmge_isrty_vhcty_lclas_cd,occrrnc_lc_x_crd,occrrnc_lc_y_crd,lo_crd,la_crd
2014,2014030619,2,5,1,1,0,0,0,1100,1116,02,22,22,04,01,05,01,05,957672,1945927,127.02104629,37.51165779
2014,2014031513,1,7,1,2,1,0,0,1100,1116,01,11,01,05,01,05,01,12,959668,1945846,127.04363866,37.51101083
2014,2014032022,2,5,1,1,0,0,0,1100,1116,01,12,02,05,01,05,01,12,959077,1945776,127.03695551,37.51035657
2014,2014033010,1,1,1,1,0,0,0,1100,1116,02,22,22,01,01,05,01,01,965248,1941575,127.10697277,37.47274497
2014,2014042522,2,6,1,1,0,0,0,1100,1116,01,11,01,05,01,Z1,01,12,958701,1943163,127.03284793,37.48678789
2014,2014051515,1,5,1,1,0,0,0,1100,1116,01,15,05,05,01,05,03,12,958534,1945940,127.03079674,37.51180869
2014,2014052704,2,3,1,1,0,0,0,1100,1116,01,11,01,05,01,05,01,12,958125,1944706,127.02624489,37.50066957
2014,2014060611,1,6,1,1,0,0,0,1100,1116,01,15,05,07,01,Z1,01,12,961642,1943604,127.06609104,37.49088966
2014,2014061100,2,4,1,1,0,0,0,1100,1116,01,11,01,01,01,05,01,12,961503,1942304,127.06458671,37.47916642
2014,2014061402,2,7,1,1,0,0,0,1100,1116,01,15,05,03,02,08,01,12,960814,1946927,127.05654776,37.52080638
